-----
-0-0-
--0--
0---0
-000-
(1,0),(2,0),(3,0),(0,1),(4,1),(2,2),(1,3),(3,3)
ngoc anh
(0,0),(4,0),(0,1),(4,1),(0,2),(4,2),(0,3),(4,3),(0,4),(1,4),(2,4),(3,4)
0000-
0---0
0---0
0---0
0---0
01234
(0,0),(1,0),(2,0),(3,0),(4,0),(0,1),(4,1),(0,2),(3,2),(4,2),(0,3),(1,4),(2,4),(3,4)
-000-
0----
0--00
0---0
00000
01234
(1,0),(2,0),(3,0),(0,1),(4,1),(0,2),(4,2),(0,3),(4,3),(1,4),(2,4),(3,4)
-000-
0---0
0---0
0---0
-000-
01234
(1,0),(2,0),(3,0),(4,0),(0,1),(0,2),(0,3),(1,4),(2,4),(3,4),(4,4)
-0000
0----
0----
0----
-0000











